3435479 197 5.5
9317728 197 5.5
13854318 197 5.5
17375780 197 5.5
22181283 197 5.5
19497078 197 5.5
24331189 197 5.5
32984980 197 5.5
37133463 197 5.5
15133254 197 5.5
42214654 197 5.5
41727189 197 5.5
44267110 197 5.5
46460737 197 5.5
47604987 197 5.5
50793763 197 5.5
2963779 197 5.5
56714983 197 5.5
58240189 197 5.5
61171485 197 5.5
63580223 197 5.5
65091332 197 5.5
38615073 197 5.5
67585717 197 5.5
71451898 197 5.5
42889691 197 5.5
73636640 197 5.5
73516705 197 5.5
75607358 197 5.5
76546821 197 5.5
79526634 197 5.5
79819720 197 5.5
79956499 197 5.5
89222393 197 5.5
85633353 197 5.5
90148664 197 5.5
91737844 197 5.5
85943192 197 5.5
98412573 197 5.5
104616630 197 5.5
110446854 197 5.5
110681395 197 5.5
113652240 197 5.5
45865486 197 5.5
119791486 197 5.5
118631037 197 5.5
121307399 197 5.5
68639543 197 5.5
121329436 197 5.5
127941854 197 5.5
123718384 197 5.5
130842202 197 5.5
133976475 197 5.5
134547718 197 5.5
134668972 197 5.5
140632847 197 5.5
141051731 197 5.5
137776285 197 5.5
142171320 197 5.5
140646442 197 5.5
148377679 197 5.5
142325590 197 5.5
151870236 197 5.5
154549550 197 5.5
152002445 197 5.5
155324575 197 5.5
160227314 197 5.5
162875780 197 5.5
171839100 197 5.5
174871854 197 5.5
173360254 197 5.5
177057474 197 5.5
178227217 197 5.5
178584449 197 5.5
183474904 197 5.5
184247515 197 5.5
185223362 197 5.5
185341558 197 5.5
185827835 197 5.5
186654681 197 5.5
137722491 197 5.5
189681667 197 5.5
189774720 197 5.5
178403779 197 5.5
189920342 197 5.5
194687074 197 5.5
200596603 197 5.5
202585826 197 5.5
202322777 197 5.5
207139754 197 5.5
208859427 197 5.5
211823530 197 5.5
215498475 197 5.5
216089537 197 5.5
217113027 197 5.5
218326538 197 5.5
223198868 197 5.5
225112429 197 5.5
222833926 197 5.5
226952592 197 5.5
232199715 197 5.5
232298189 197 5.5
237230463 197 5.5
238514487 197 5.5
238839323 197 5.5
253803258 197 5.5
255472375 197 5.5
255509769 197 5.5
255602438 197 5.5
251384678 197 5.5
257404993 197 5.5
258669724 197 5.5
254778049 197 5.5
260940585 197 5.5
263318046 197 5.5
257323170 197 5.5
266722721 197 5.5
238076955 197 5.5
269352154 197 5.5
263559202 197 5.5
269458475 197 5.5
273190042 197 5.5
274345144 197 5.5
271609168 197 5.5
274959985 197 5.5
279290355 197 5.5
280891296 197 5.5
282712438 197 5.5
277472269 197 5.5
286622194 197 5.5
288298464 197 5.5
291374106 197 5.5
283646647 197 5.5
291503760 197 5.5
292327597 197 5.5
292635292 197 5.5
295076185 197 5.5
297852590 197 5.5
301517977 197 5.5
294774553 197 5.5
303188656 197 5.5
315478077 197 5.5
331055536 197 5.5
308438102 197 5.5
335079951 197 5.5
331286076 197 5.5
335606069 197 5.5
286027514 197 5.5
340691911 197 5.5
340552874 197 5.5
346188790 197 5.5
347164115 197 5.5
337622811 197 5.5
350956071 197 5.5
351246637 197 5.5
355047966 197 5.5
353352550 197 5.5
363146258 197 5.5
351906955 197 5.5
366526174 197 5.5
367804192 197 5.5
369793308 197 5.5
368050581 197 5.5
374746902 197 5.5
351152006 197 5.5
380899617 197 5.5
379977123 197 5.5
392141212 197 5.5
392205092 197 5.5
394063007 197 5.5
397582824 197 5.5
390907048 197 5.5
398591755 197 5.5
399090316 197 5.5
401071615 197 5.5
405680615 197 5.5
409991239 197 5.5
404417963 197 5.5
414489676 197 5.5
407074645 197 5.5
415104193 197 5.5
418535508 197 5.5
420160122 197 5.5
416331887 197 5.5
421661751 197 5.5
428937753 197 5.5
429669719 197 5.5
440437207 197 5.5
444581040 197 5.5
433327161 197 5.5
446522427 197 5.5
424068663 197 5.5
447407804 197 5.5
460453226 197 5.5
460951840 197 5.5
430488759 197 5.5
466232789 197 5.5
469059903 197 5.5
469266738 197 5.5
474920218 197 5.5
468113547 197 5.5
475667953 197 5.5
475775052 197 5.5
475775868 197 5.5
473121226 197 5.5
484094157 197 5.5
484263858 197 5.5
451556954 197 5.5
485214562 197 5.5
484949074 197 5.5
489629446 197 5.5
490404526 197 5.5
488295890 197 5.5
492642581 197 5.5
493171228 197 5.5
496845135 197 5.5
499572401 197 5.5
495985076 197 5.5
499842806 197 5.5
437846700 197 5.5
499859139 197 5.5
505072393 197 5.5
498397112 197 5.5
505348577 197 5.5
515963838 197 5.5
508200006 197 5.5
516563756 197 5.5
525454766 197 5.5
517478579 197 5.5
528101672 197 5.5
530562852 197 5.5
531373343 197 5.5
537822945 197 5.5
538942054 197 5.5
546152155 197 5.5
547540185 197 5.5
552888935 197 5.5
553118647 197 5.5
554342713 197 5.5
556781448 197 5.5
535735013 197 5.5
557634119 197 5.5
558204340 197 5.5
562816311 197 5.5
567203715 197 5.5
578560401 197 5.5
579500449 197 5.5
582491204 197 5.5
583817322 197 5.5
583891771 197 5.5
566112262 197 5.5
584668433 197 5.5
588181671 197 5.5
595070990 197 5.5
596190901 197 5.5
596933936 197 5.5
598089868 197 5.5
601800833 197 5.5
603994704 197 5.5
605013975 197 5.5
600439579 197 5.5
608310228 197 5.5
610370381 197 5.5
610415285 197 5.5
615546330 197 5.5
618676740 197 5.5
619357221 197 5.5
623440811 197 5.5
524311652 197 5.5
627839789 197 5.5
626111991 197 5.5
628707012 197 5.5
629692485 197 5.5
631551209 197 5.5
632235481 197 5.5
630257914 197 5.5
634934785 197 5.5
635765577 197 5.5
615743218 197 5.5
638146272 197 5.5
641238854 197 5.5
636313915 197 5.5
642848678 197 5.5
644304202 197 5.5
644475335 197 5.5
646063078 197 5.5
654431863 197 5.5
655198611 197 5.5
655824463 197 5.5
658310874 197 5.5
659532340 197 5.5
17063996 197 5.5
667337212 197 5.5
673997452 197 5.5
674499313 197 5.5
673948389 197 5.5
674507827 197 5.5
675983806 197 5.5
662516472 197 5.5
681541778 197 5.5
678215405 197 5.5
682186693 197 5.5
684712992 197 5.5
565261473 197 5.5
691650059 197 5.5
696188355 197 5.5
701461926 197 5.5
709789130 197 5.5
720546471 197 5.5
729796520 197 5.5
730918010 197 5.5
730839231 197 5.5
731020892 197 5.5
731458892 197 5.5
721284330 197 5.5
733696405 197 5.5
715070876 197 5.5
735268173 197 5.5
734805596 197 5.5
739859947 197 5.5
739976629 197 5.5
740995559 197 5.5
743171020 197 5.5
743751295 197 5.5
699399026 197 5.5
745019078 197 5.5
745109874 197 5.5
693259491 197 5.5
746036905 197 5.5
745902451 197 5.5
764421925 197 5.5
757652118 197 5.5
764931562 197 5.5
757391801 197 5.5
765149491 197 5.5
767173518 197 5.5
771110760 197 5.5
774342094 197 5.5
780032378 197 5.5
786740531 197 5.5
787419828 197 5.5
783917703 197 5.5
787771535 197 5.5
792036033 197 5.5
792853014 197 5.5
789160957 197 5.5
796157696 197 5.5
796366686 197 5.5
796793953 197 5.5
806690841 197 5.5
798345015 197 5.5
807231973 197 5.5
810667452 197 5.5
813432343 197 5.5
803007111 197 5.5
813593395 197 5.5
815473092 197 5.5
776747331 197 5.5
823624309 197 5.5
827092594 197 5.5
824617644 197 5.5
827133132 197 5.5
819031676 197 5.5
832678775 197 5.5
835562418 197 5.5
830806947 197 5.5
837670204 197 5.5
841303321 197 5.5
837349671 197 5.5
841653182 197 5.5
841877195 197 5.5
842626238 197 5.5
854590257 197 5.5
856475083 197 5.5
857401044 197 5.5
854242837 197 5.5
859776224 197 5.5
860582408 197 5.5
844763214 197 5.5
862347889 197 5.5
863923250 197 5.5
864058478 197 5.5
865056305 197 5.5
867039772 197 5.5
867298169 197 5.5
870407028 197 5.5
871796234 197 5.5
875126496 197 5.5
873154566 197 5.5
877786979 197 5.5
875583021 197 5.5
880502774 197 5.5
883234707 197 5.5
884725893 197 5.5
843851125 197 5.5
890837398 197 5.5
894728062 197 5.5
896704091 197 5.5
893091052 197 5.5
900513231 197 5.5
899620256 197 5.5
901732609 197 5.5
906448387 197 5.5
903003868 197 5.5
911729776 197 5.5
908887045 197 5.5
912162491 197 5.5
914194325 197 5.5
918831455 197 5.5
910292725 197 5.5
920074245 197 5.5
920408077 197 5.5
923063560 197 5.5
911722553 197 5.5
925760026 197 5.5
927524597 197 5.5
931867960 197 5.5
937757639 197 5.5
941620050 197 5.5
943407768 197 5.5
929389321 197 5.5
944727856 197 5.5
946977945 197 5.5
948725730 197 5.5
951399760 197 5.5
951381845 197 5.5
952351032 197 5.5
952381200 197 5.5
952585164 197 5.5
953087616 197 5.5
953111065 197 5.5
959804432 197 5.5
964635181 197 5.5
968110449 197 5.5
969174020 197 5.5
969649646 197 5.5
973660624 197 5.5
974384319 197 5.5
976689304 197 5.5
981060926 197 5.5
982411678 197 5.5
982668479 197 5.5
985285967 197 5.5
990084580 197 5.5
987781823 197 5.5
990758156 197 5.5
971719456 197 5.5
991361307 197 5.5
856322034 197 5.5
993300735 197 5.5
1003467620 197 5.5
1001810173 197 5.5
1004762809 197 5.5
1007953205 197 5.5
1011194626 197 5.5
1011997881 197 5.5
1004439387 197 5.5
1012360989 197 5.5
1014795939 197 5.5
1016094517 197 5.5
1016322417 197 5.5
1021299339 197 5.5
1024121563 197 5.5
1021611352 197 5.5
1026429357 197 5.5
1035213865 197 5.5
1035777727 197 5.5
1035806050 197 5.5
1038238008 197 5.5
1035950901 197 5.5
1040423606 197 5.5
1042322436 197 5.5
1047732002 197 5.5
1048853708 197 5.5
1049805219 197 5.5
1052058258 197 5.5
1045653723 197 5.5
1052373881 197 5.5
1054169806 197 5.5
1056684194 197 5.5
1060127370 197 5.5
1057035785 197 5.5
1061526439 197 5.5
1067198158 197 5.5
1025174097 197 5.5
1067899518 197 5.5
1067909609 197 5.5
1075738157 197 5.5
1068524027 197 5.5
1076084308 197 5.5
1078470278 197 5.5
1070571123 197 5.5
1079133214 197 5.5
1081801336 197 5.5
1082651595 197 5.5
1082169332 197 5.5
1085358861 197 5.5
1091340365 197 5.5
1092492174 197 5.5
1093867061 197 5.5
1095581386 197 5.5
1101975752 197 5.5
1101173156 197 5.5
1109738123 197 5.5
1117695455 197 5.5
1077544265 197 5.5
1127436702 197 5.5
1074677067 197 5.5
1129902505 197 5.5
1130569969 197 5.5
1134055589 197 5.5
1143003074 197 5.5
1097513051 197 5.5
1143597070 197 5.5
1147404333 197 5.5
1149153244 197 5.5
1149413497 197 5.5
1150124525 197 5.5
1151837778 197 5.5
1150972828 197 5.5
1153704622 197 5.5
1146708082 197 5.5
1154016294 197 5.5
1154293625 197 5.5
1154659954 197 5.5
1155867004 197 5.5
1161258651 197 5.5
1166185602 197 5.5
1170956198 197 5.5
1172442625 197 5.5
1178102890 197 5.5
931587482 197 5.5
1180297154 197 5.5
1181232401 197 5.5
1181623278 197 5.5
1183263882 197 5.5
1186997343 197 5.5
1188779039 197 5.5
1191307743 197 5.5
1193487404 197 5.5
1191190355 197 5.5
1193984758 197 5.5
1198219923 197 5.5
1191923516 197 5.5
1204487100 197 5.5
1199942825 197 5.5
1208249889 197 5.5
1211706564 197 5.5
1214390499 197 5.5
1206101759 197 5.5
1215323509 197 5.5
1217467498 197 5.5
1217521732 197 5.5
1225301612 197 5.5
1227191831 197 5.5
1226946568 197 5.5
1229856004 197 5.5
1232313851 197 5.5
1232898439 197 5.5
1234499908 197 5.5
1218260379 197 5.5
1240706614 197 5.5
1242580446 197 5.5
1248012741 197 5.5
1243965311 197 5.5
1248298472 197 5.5
1243765055 197 5.5
1248372874 197 5.5
1252825090 197 5.5
1254474407 197 5.5
1254871442 197 5.5
1254488087 197 5.5
1256281484 197 5.5
1257879381 197 5.5
1268632223 197 5.5
1268390620 197 5.5
1269947625 197 5.5
1270565928 197 5.5
1273582247 197 5.5
1275625845 197 5.5
1276194147 197 5.5
1277205665 197 5.5
1278029301 197 5.5
1286694433 197 5.5
1287072247 197 5.5
1291728732 197 5.5
1295306396 197 5.5
1190802976 197 5.5
1299195159 197 5.5
1301608941 197 5.5
1301891322 197 5.5
1303685399 197 5.5
1309184226 197 5.5
1310325710 197 5.5
1308516050 197 5.5
1313931936 197 5.5
1312876761 197 5.5
1316903449 197 5.5
1318883571 197 5.5
1327640714 197 5.5
1328382254 197 5.5
1328479637 197 5.5
1329450784 197 5.5
1330528318 197 5.5
1331994726 197 5.5
1313281788 197 5.5
1332331415 197 5.5
1333959530 197 5.5
1335582248 197 5.5
1337699101 197 5.5
1340114519 197 5.5
1346885418 197 5.5
1340044867 197 5.5
1347165724 197 5.5
1333903595 197 5.5
1347304685 197 5.5
1349526295 197 5.5
1347608493 197 5.5
1351030290 197 5.5
1341276216 197 5.5
1351358073 197 5.5
1357007706 197 5.5
1351899258 197 5.5
1357927209 197 5.5
1359403278 197 5.5
1356732299 197 5.5
1370973754 197 5.5
1308745852 197 5.5
1377823769 197 5.5
1373343220 197 5.5
1377845036 197 5.5
1378060987 197 5.5
1379619393 197 5.5
1380817997 197 5.5
1381786746 197 5.5
1024813873 197 5.5
1382963248 197 5.5
1384824645 197 5.5
1387360698 197 5.5
1381787296 197 5.5
1389193367 197 5.5
1391740949 197 5.5
1392955531 197 5.5
1393375313 197 5.5
1396046070 197 5.5
1398798413 197 5.5
1401980216 197 5.5
1402191434 197 5.5
1406144369 197 5.5
1408799981 197 5.5
1402775395 197 5.5
1411616795 197 5.5
1412933264 197 5.5
1413626007 197 5.5
1413779250 197 5.5
1405234900 197 5.5
1416751021 197 5.5
1418374109 197 5.5
1414843093 197 5.5
1422912043 197 5.5
1417125309 197 5.5
1424787920 197 5.5
1433418437 197 5.5
1423112645 197 5.5
1434604140 197 5.5
1435357714 197 5.5
1435330671 197 5.5
1436607391 197 5.5
1436971833 197 5.5
1438232885 197 5.5
1439058186 197 5.5
1446064560 197 5.5
1446581928 197 5.5
1449605528 197 5.5
1450904809 197 5.5
1454111850 197 5.5
1454946415 197 5.5
1456392132 197 5.5
1444661497 197 5.5
1456785423 197 5.5
1436101028 197 5.5
1459567034 197 5.5
1436618579 197 5.5
1459767177 197 5.5
1467866727 197 5.5
1461612227 197 5.5
1467928511 197 5.5
1465235777 197 5.5
1474828473 197 5.5
1469622607 197 5.5
1478515266 197 5.5
1422881056 197 5.5
1481548148 197 5.5
1485197564 197 5.5
1485943416 197 5.5
1486314691 197 5.5
1492592690 197 5.5
1495682364 197 5.5
1496867877 197 5.5
1497127784 197 5.5
1497559987 197 5.5
1504251527 197 5.5
1441794779 197 5.5
1504556942 197 5.5
1504273768 197 5.5
1505009438 197 5.5
1506155816 197 5.5
1506002841 197 5.5
1509155487 197 5.5
1512014412 197 5.5
1505362986 197 5.5
1516997696 197 5.5
1518722274 197 5.5
1522157753 197 5.5
1522323363 197 5.5
1527135200 197 5.5
1529093473 197 5.5
1529541543 197 5.5
1507055077 197 5.5
1531708666 197 5.5
1530742506 197 5.5
1534995068 197 5.5
1508674910 197 5.5
1535238881 197 5.5
1542174724 197 5.5
1542295567 197 5.5
1547289983 197 5.5
1549032724 197 5.5
1544098423 197 5.5
1549715698 197 5.5
1551735723 197 5.5
1551769888 197 5.5
1522954043 197 5.5
1552955566 197 5.5
1552035335 197 5.5
1553742207 197 5.5
1553973208 197 5.5
1558301647 197 5.5
1562276495 197 5.5
1558572347 197 5.5
1564722178 197 5.5
1565745384 197 5.5
1521785275 197 5.5
1566314693 197 5.5
1570180629 197 5.5
1570454318 197 5.5
1566459209 197 5.5
1571689238 197 5.5
1575978349 197 5.5
1579304844 197 5.5
1579519546 197 5.5
1566201784 197 5.5
1583311921 197 5.5
1585787247 197 5.5
1591415776 197 5.5
1593759137 197 5.5
1575602445 197 5.5
1601570425 197 5.5
1570593349 197 5.5
1604922292 197 5.5
1605116661 197 5.5
1612104163 197 5.5
1608026684 197 5.5
1615359911 197 5.5
1606171997 197 5.5
1616484345 197 5.5
1618133880 197 5.5
1618712213 197 5.5
1617542165 197 5.5
1619372938 197 5.5
1619784229 197 5.5
1628833538 197 5.5
1625330234 197 5.5
1631897392 197 5.5
1633787918 197 5.5
1633519770 197 5.5
1636521094 197 5.5
1632785279 197 5.5
1642805738 197 5.5
1646423976 197 5.5
1646522450 197 5.5
1657035765 197 5.5
1657366116 197 5.5
1657515713 197 5.5
1659590798 197 5.5
1660307331 197 5.5
1661921541 197 5.5
1662154097 197 5.5
1662893680 197 5.5
1643693927 197 5.5
1672427412 197 5.5
1663790690 197 5.5
1684513664 197 5.5
1683832936 197 5.5
1685699257 197 5.5
1681680172 197 5.5
1688071923 197 5.5
1692983187 197 5.5
1680765270 197 5.5
1693539064 197 5.5
1697364057 197 5.5
1704223524 197 5.5
1672648967 197 5.5
1704739720 197 5.5
1709354417 197 5.5
1712842282 197 5.5
1713416369 197 5.5
1714805451 197 5.5
1715238402 197 5.5
1714040847 197 5.5
1717510106 197 5.5
1718970277 197 5.5
1678353043 197 5.5
1719143880 197 5.5
1739084496 197 5.5
1727453859 197 5.5
1744133145 197 5.5
1747435792 197 5.5
1750013249 197 5.5
1750790196 197 5.5
1752031442 197 5.5
1755521484 197 5.5
1750546063 197 5.5
1757714794 197 5.5
1770356433 197 5.5
1772602936 197 5.5
1776972154 197 5.5
1777353456 197 5.5
1776251508 197 5.5
1782725860 197 5.5
1779984441 197 5.5
1790208151 197 5.5
1785263939 197 5.5
1793978269 197 5.5
1797392959 197 5.5
1722750088 197 5.5
1799991576 197 5.5
1797429032 197 5.5
1807050961 197 5.5
1808130550 197 5.5
1803357242 197 5.5
1810091328 197 5.5
1798401499 197 5.5
1811526841 197 5.5
1811971455 197 5.5
1815857868 197 5.5
1816833863 197 5.5
1823107201 197 5.5
1818391960 197 5.5
1824706292 197 5.5
1829766498 197 5.5
1830111137 197 5.5
1821049536 197 5.5
1833661330 197 5.5
1836856561 197 5.5
1841106099 197 5.5
1830505145 197 5.5
1841696142 197 5.5
1841761050 197 5.5
1842112480 197 5.5
1848869424 197 5.5
1851705073 197 5.5
1852509968 197 5.5
1863526939 197 5.5
1866027331 197 5.5
1865312808 197 5.5
1866581550 197 5.5
1860719099 197 5.5
1876038101 197 5.5
1877081048 197 5.5
1866400172 197 5.5
1878623691 197 5.5
1879992145 197 5.5
1887690370 197 5.5
1885845054 197 5.5
1896233871 197 5.5
1891437162 197 5.5
1896503141 197 5.5
1900264234 197 5.5
1901048310 197 5.5
1897830974 197 5.5
1905290975 197 5.5
1897728329 197 5.5
1908796699 197 5.5
1905613337 197 5.5
1908821741 197 5.5
1910573779 197 5.5
1910644889 197 5.5
1910759479 197 5.5
1918176522 197 5.5
1921147416 197 5.5
1930385182 197 5.5
1931621239 197 5.5
1935943834 197 5.5
1934463279 197 5.5
1939991636 197 5.5
1943106635 197 5.5
1943911100 197 5.5
1941400732 197 5.5
1945123395 197 5.5
1913821029 197 5.5
1945483145 197 5.5
1955548218 197 5.5
1948191949 197 5.5
1956118287 197 5.5
1952364361 197 5.5
1956197054 197 5.5
1957108832 197 5.5
1952599075 197 5.5
1965270121 197 5.5
1965968346 197 5.5
1966627383 197 5.5
1969668284 197 5.5
1968444720 197 5.5
1970336110 197 5.5
1905056451 197 5.5
1971407425 197 5.5
1972500580 197 5.5
1977450922 197 5.5
1983556988 197 5.5
1981316738 197 5.5
1985456264 197 5.5
1985811621 197 5.5
1989061106 197 5.5
1990259357 197 5.5
1990530278 197 5.5
1992660506 197 5.5
1990696721 197 5.5
1993820649 197 5.5
1994275325 197 5.5
1998416114 197 5.5
1972847293 197 5.5
2010884645 197 5.5
2012294645 197 5.5
2009771209 197 5.5
2013447963 197 5.5
2017947553 197 5.5
2018837757 197 5.5
2013622079 197 5.5
2020837524 197 5.5
2021026380 197 5.5
1749188035 197 5.5
2023661021 197 5.5
2026303984 197 5.5
2034550532 197 5.5
2033563234 197 5.5
2036414537 197 5.5
2031705361 197 5.5
2037328614 197 5.5
2038953572 197 5.5
2038542372 197 5.5
2040191832 197 5.5
2046021101 197 5.5
2041217904 197 5.5
2049018724 197 5.5
2050408850 197 5.5
2022494402 197 5.5
2051373257 197 5.5
2052434744 197 5.5
2059031072 197 5.5
2059261059 197 5.5
2059318693 197 5.5
2060762089 197 5.5
2067784630 197 5.5
2043155611 197 5.5
2077729804 197 5.5
2072401291 197 5.5
2090780223 197 5.5
2091623614 197 5.5
2093058498 197 5.5
2067041140 197 5.5
2094587393 197 5.5
2097936163 197 5.5
2098024506 197 5.5
2098435672 197 5.5
2100125363 197 5.5
2105383992 197 5.5
2095668555 197 5.5
2105388184 197 5.5
2107636751 197 5.5
2109114279 197 5.5
2110051177 197 5.5
2112988441 197 5.5
2114765645 197 5.5
2114725049 197 5.5
2115187238 197 5.5
2115591640 197 5.5
2118587235 197 5.5
2120412380 197 5.5
2112026157 197 5.5
2126646317 197 5.5
2127547726 197 5.5
2132422351 197 5.5
2139446748 197 5.5
2134278794 197 5.5
2143166774 197 5.5
2138179864 197 5.5
2144440181 197 5.5
2108978069 197 5.5
2147385173 197 5.5
